  #     beta     phi_d     phi_m       f
   1 1.1714e+00 3.7514e+05 3.3627e+03 2.6279e+06
   2 2.3428e-01 7.7280e+04 2.0477e+04 3.7907e+05
   3 2.3428e-01 2.6021e+04 8.7856e+04 8.2077e+04
   4 4.6857e-02 2.0606e+04 9.2736e+04 4.6604e+04
   5 4.6857e-02 5.2377e+03 2.0352e+05 2.4951e+04
   6 9.3713e-03 4.6548e+03 1.8948e+05 1.4774e+04
   7 9.3713e-03 2.0590e+03 2.7387e+05 6.4304e+03
   8 1.8743e-03 1.5595e+03 2.7638e+05 4.6255e+03
   9 1.8743e-03 9.9423e+02 3.4146e+05 2.0775e+03
  10 3.7485e-04 6.8926e+02 3.6118e+05 1.6342e+03
  11 3.7485e-04 5.4761e+02 3.9512e+05 8.2465e+02
