  #     beta     phi_d     phi_m       f
   1 2.6641e-02 6.0652e+04 3.8922e+02 8.3060e+04
   2 5.3283e-03 5.6571e+04 5.9229e+02 6.0662e+04
   3 5.3283e-03 4.7536e+04 7.1127e+02 5.6574e+04
   4 1.0657e-03 3.7103e+04 8.4290e+02 4.7540e+04
   5 1.0657e-03 2.9539e+04 1.0126e+03 3.7104e+04
   6 2.1313e-04 2.2828e+04 1.1693e+03 2.9541e+04
   7 2.1313e-04 1.6242e+04 1.3314e+03 2.2828e+04
   8 4.2626e-05 1.3162e+04 1.5441e+03 1.6242e+04
   9 4.2626e-05 8.6126e+03 1.5667e+03 1.3162e+04
  10 8.5252e-06 7.0381e+03 1.6809e+03 8.6127e+03
  11 8.5252e-06 6.2383e+03 1.6998e+03 7.0381e+03
