  #     beta     phi_d     phi_m       f
   1 1.2732e+09 1.9939e+05 1.9585e-06 2.7597e+05
   2 1.2732e+09 8.4845e+04 2.0205e-05 2.0188e+05
   3 2.5464e+08 6.4176e+04 2.1827e-05 1.1057e+05
   4 2.5464e+08 4.1900e+04 4.2693e-05 6.9734e+04
   5 2.5464e+08 2.7286e+04 6.6466e-05 5.2771e+04
   6 5.0927e+07 2.2288e+04 6.8332e-05 4.4211e+04
   7 5.0927e+07 1.4938e+04 1.0041e-04 2.5768e+04
   8 5.0927e+07 9.7860e+03 1.1808e-04 2.0052e+04
   9 1.0185e+07 8.1100e+03 1.2338e-04 1.5800e+04
  10 1.0185e+07 5.6404e+03 1.4650e-04 9.3667e+03
  11 1.0185e+07 4.5649e+03 1.5474e-04 7.1325e+03
  12 2.0371e+06 4.0160e+03 1.6194e-04 6.1410e+03
  13 2.0371e+06 3.6737e+03 1.6579e-04 4.3459e+03
  14 2.0371e+06 3.2891e+03 1.7244e-04 4.0114e+03
  15 4.0742e+05 3.0855e+03 1.7549e-04 3.6403e+03
