  #     beta     phi_d     phi_m       f
   1 1.6938e-01 3.4130e+06 1.9069e+05 2.6491e+07
   2 3.3876e-02 4.6660e+05 6.7747e+05 3.4453e+06
   3 3.3876e-02 7.5070e+04 1.6831e+06 4.8955e+05
   4 6.7752e-03 4.2182e+04 2.2415e+06 1.3209e+05
   5 6.7752e-03 1.0272e+04 4.0518e+06 5.7369e+04
   6 1.3550e-03 8.6922e+03 4.0364e+06 3.7723e+04
   7 1.3550e-03 2.8343e+03 5.4974e+06 1.4162e+04
   8 2.7101e-04 2.3836e+03 5.5531e+06 1.0283e+04
   9 2.7101e-04 1.5195e+03 6.3799e+06 3.8885e+03
  10 5.4201e-05 1.3485e+03 6.4755e+06 3.2485e+03
  11 5.4201e-05 1.2586e+03 6.7692e+06 1.6994e+03
