  #     beta     phi_d     phi_m       f
   1 1.6035e-01 3.3976e+06 1.9072e+05 2.6411e+07
   2 3.2070e-02 4.5573e+05 6.7871e+05 3.4282e+06
   3 3.2070e-02 6.7637e+04 1.6733e+06 4.7750e+05
   4 6.4140e-03 3.5406e+04 2.2358e+06 1.2130e+05
   5 6.4140e-03 7.0847e+03 3.9571e+06 4.9746e+04
   6 1.2828e-03 5.5733e+03 3.9904e+06 3.2466e+04
   7 1.2828e-03 1.9055e+03 4.9860e+06 1.0692e+04
   8 2.5656e-04 1.6063e+03 5.0465e+06 8.3016e+03
   9 2.5656e-04 1.1143e+03 5.5645e+06 2.9011e+03
  10 5.1312e-05 9.1350e+02 5.6273e+06 2.5420e+03
  11 5.1312e-05 8.1058e+02 5.8820e+06 1.2022e+03
  12 1.0262e-05 7.5252e+02 5.9670e+06 1.1124e+03
  13 1.0262e-05 7.0406e+02 6.0489e+06 8.1375e+02
